
After year,previous_IR
MAE : 0.2464666102696581
MSE : 0.24717553840201653
RMSE : 0.4971675154331953
R2 : 0.9813815046707423
====================================================================================================